id_,predictions
166,6.754401835818587
338,5.900440014674418
11,5.742982680863284
233,5.567092734888913
191,5.5334279385356275
342,5.415538979070329
313,5.109018241669869
294,5.077925732983588
162,4.9374417020792265
460,4.933759830689212
171,4.890176364213698
147,4.752422783863924
29,4.671120874018316
291,4.660939904308211
215,4.6455868186629266
502,4.633769756572428
150,4.621632125045721
278,4.5010453548190705
410,4.48590568250957
409,4.452040808782892
159,4.449622862911321
269,4.432942794881127
488,4.40592550479932
214,4.346777879095823
219,4.270130441828169
377,4.260258582113548
297,4.2318067231943415
344,4.215603848362427
187,4.171656450650238
349,4.169047757081904
168,4.097968532015763
431,4.076111688452441
243,4.0725092133436585
463,4.070276081324806
254,4.00509132495068
411,3.999536255907195
448,3.9936286440571527
164,3.9907108404933354
494,3.9904718968298454
47,3.984041982024629
432,3.97500337365108
239,3.9431194625789714
262,3.936509894868636
54,3.928443887683026
471,3.8598624576009826
401,3.831125400999678
321,3.8180266277257564
212,3.8012488042693535
93,3.7826927173781546
42,3.779702909091929
31,3.779702909091929
498,3.779702909091929
428,3.770494540569763
30,3.757395767295841
235,3.75027661059437
183,3.7462051409263832
161,3.7301644182556117
131,3.7264375091837554
133,3.720525237735764
14,3.7196663563395957
468,3.718580035359886
415,3.7142090427223193
211,3.670567360318082
280,3.6550730864355168
402,3.6538661119353786
289,3.646106482784375
84,3.6234902309928034
97,3.6103914577188814
248,3.6031282915725935
417,3.5992378868208377
345,3.5977751658646424
366,3.5977732723307705
181,3.594117423295456
293,3.562859370562889
198,3.561682685715796
193,3.5469556474393933
295,3.5274534554928785
148,3.519811995836234
196,3.507651500239713
423,3.4901023380469907
94,3.4698844080715974
138,3.4250890595631915
176,3.4226632693015024
111,3.4194345173517875
363,3.4119902862892695
65,3.400356127505415
403,3.400356127505415
399,3.3802821177281794
470,3.379994188085205
414,3.37513118214551
134,3.3736665676554427
504,3.370577286201298
67,3.3684721994211024
57,3.3623203385145617
218,3.3622057632835833
75,3.362032408871588
128,3.3557047884418254
475,3.329544297365395
396,3.3246812914257
143,3.3004289472537334
100,3.298483744877856
301,3.2955659413140386
203,3.2873301739798118
70,3.2661689877836584
380,3.2630778298078456
283,3.2562696214922724
420,3.2480338541580456
225,3.2460886517821677
113,3.2460771923414433
83,3.235907682072063
141,3.2349848227478457
325,3.2257267123619577
151,3.1966113622502967
451,3.181112428769782
91,3.1773953784300213
286,3.174304220454209
511,3.172646947721305
17,3.1631506495561643
443,3.1570690272713646
266,3.1512092913229015
255,3.1490792750943033
447,3.148106673906365
192,3.1407605975135633
182,3.1310945769992387
271,3.124826930922337
5,3.1228817285464596
105,3.1219091273585207
167,3.121165148042981
85,3.1015471879383103
160,3.0957115808106765
493,3.0835854087246934
320,3.0826128075367545
358,3.0811481930466873
336,3.0810869917422408
139,3.0686409338145415
500,3.0593330645527272
102,3.0593330645527272
331,3.0408792720369817
421,3.02938651146638
309,3.028618010949798
373,3.0263529397444064
407,3.0239271494827173
395,3.018091542355083
119,3.018091542355083
467,2.9957844005589953
368,2.979621309303738
341,2.9555457692023355
256,2.9482523134030023
69,2.9249725704189755
200,2.9166997476133347
122,2.9152465585395846
49,2.914127425921925
452,2.8990629535141057
307,2.893912017931436
217,2.8929469529071334
303,2.8925583295973336
393,2.8903671120642898
503,2.8764308266036296
516,2.871604876135348
308,2.861711836068218
15,2.8594787040493657
459,2.85461569810967
354,2.8410249115336197
273,2.8352263598773995
275,2.8345416883324344
486,2.8260179913552332
389,2.8240727889793558
492,2.8231001877914164
18,2.819936369070434
390,2.819629152608822
241,2.8176712808528386
19,2.817264580663782
330,2.8092796875011152
153,2.7986018284622847
221,2.793012236491816
135,2.790674504541254
208,2.7758669611295645
382,2.770705094695728
274,2.769732493507789
82,2.754688517857989
124,2.7532239033679216
4,2.743534946959945
302,2.7335273316618354
525,2.730916761571834
244,2.7183100016000403
517,2.717859885771517
318,2.714108648462386
305,2.696975460991891
315,2.6960028598039525
158,2.6838766877179694
61,2.680958884154152
478,2.654761337606308
466,2.6367027688266913
369,2.6278755044628923
189,2.6270991765683966
226,2.5867563678619367
438,2.585476550212386
362,2.5834574941641604
22,2.579086501526593
455,2.572131761781298
350,2.5572599476163163
440,2.554834157354627
108,2.554834157354627
376,2.5548112384731785
333,2.5475339357369253
355,2.5392981684026985
284,2.5272217211682344
98,2.519416782843893
3,2.511001043659138
506,2.447175909463156
357,2.435480583399261
184,2.4102556380393563
172,2.4018006615180343
59,2.3638580300303706
137,2.362946630146878
62,2.3016121025676375
476,2.2699129883360456
287,2.2636236333170774
259,2.2115969579874477
210,2.2074376191970773
282,2.2021654931895642
252,2.1994707859014646
491,2.196725126810262
457,2.1841693356537744
207,2.1030885115169298
465,2.0843033567065397
454,2.0299859801164217
445,1.9785903111909466
505,1.8795133295183122
265,1.829063438798502
453,1.7716078565302942
154,1.760927029127944
90,1.753388602718787
378,1.6951566925560837
520,1.6790469582151553
123,1.677713766639072
246,1.6639496086388228
68,1.652488821279167
458,1.6230038434620666
392,1.602038930559357
199,1.5768139851994518
12,1.5768139851994518
186,1.5680593645686194
79,1.5623844424728757
58,1.4759142037598318
118,1.4506892583999267
508,1.4102967248419482
364,1.381477131751175
38,1.3750144223202116
529,1.3750144223202116
258,1.3497894769603067
126,1.3497894769603067
116,1.3269520224268891
21,1.3262139769553918
101,1.3245645316004016
359,1.2993395862404966
28,1.2993395862404966
103,1.2993395862404966
276,1.2808233654687207
188,1.2741146408805915
106,1.2741146408805915
370,1.2741146408805915
152,1.2626653129616596
270,1.2513688426967045
405,1.2488896955206865
44,1.233968122479779
391,1.1984398048008764
346,1.1984398048008764
442,1.1984398048008764
388,1.1984398048008764
63,1.1984398048008764
304,1.1984398048008764
142,1.1984398048008764
197,1.1984398048008764
185,1.1984398048008764
501,1.1929611559985762
92,1.1642639655166955
319,1.1227649687211614
515,1.104740778263717
267,1.0975400233612564
343,1.0975400233612564
129,1.0935260060612269
430,1.076647771203717
381,1.0723150780013513
469,1.0723150780013513
461,1.0644603978132876
222,1.0608657500824195
528,1.0404540687984876
487,1.03423737452469
328,1.0218651872815414
526,1.0218651872815414
81,1.0216918328695457
371,0.9966402419216362
340,0.9714152965617313
37,0.9461903512018262
55,0.9209654058419212
347,0.9209654058419212
522,0.908124107165889
437,0.9021419686085332
279,0.8995811233700504
253,0.8957404604820163
439,0.8957404604820163
290,0.8957404604820163
174,0.8838105616894767
285,0.8705155151221111
518,0.8705155151221111
144,0.8705155151221111
50,0.8667475129792475
224,0.8516920778887231
206,0.8452905697622062
404,0.8452905697622062
374,0.8279317640310888
490,0.8200656244023011
96,0.8200656244023011
234,0.8200656244023011
450,0.8200656244023011
507,0.8200656244023011
24,0.8200656244023011
288,0.7948406790423961
496,0.7948406790423961
204,0.7948406790423961
180,0.769615733682491
195,0.769615733682491
175,0.769615733682491
238,0.769615733682491
353,0.769615733682491
323,0.769615733682491
87,0.769615733682491
524,0.7451288337940833
107,0.744390788322586
242,0.744390788322586
332,0.744390788322586
157,0.7389121395202858
36,0.719165842962681
298,0.719165842962681
422,0.719165842962681
127,0.719165842962681
433,0.7065591000030904
434,0.693940897602776
519,0.693940897602776
86,0.693940897602776
352,0.6692079825572025
163,0.668715952242871
281,0.668715952242871
194,0.6596426557097026
146,0.643491006882966
310,0.643491006882966
6,0.643491006882966
441,0.643491006882966
406,0.6270436010353413
532,0.6182660615230609
202,0.6182660615230609
523,0.6182660615230609
386,0.6182660615230609
114,0.6182660615230609
306,0.6182660615230609
117,0.6182660615230609
329,0.5930411161631559
251,0.5930411161631559
512,0.5678161708032509
110,0.5678161708032509
416,0.5678161708032509
220,0.5678161708032509
314,0.5678161708032509
481,0.5513687649556263
489,0.5489927335698628
136,0.5425912254433458
205,0.5425912254433458
446,0.5425912254433458
247,0.5425912254433458
34,0.5425912254433458
132,0.5425912254433458
394,0.5425912254433458
379,0.5425912254433458
53,0.5425912254433458
145,0.5337639440673432
514,0.5173662800834409
35,0.5173662800834409
46,0.5173662800834409
337,0.5173662800834409
260,0.5173662800834409
397,0.4921413347235358
165,0.4921413347235358
444,0.4921413347235358
268,0.4921413347235358
16,0.4921413347235358
1,0.4921413347235358
497,0.4921413347235358
509,0.49141474869276247
435,0.4669163893636308
60,0.4669163893636308
45,0.4669163893636308
356,0.4669163893636308
41,0.4669163893636308
80,0.4669163893636308
227,0.4669163893636308
365,0.4669163893636308
472,0.44169144400372573
375,0.44169144400372573
78,0.44169144400372573
408,0.44169144400372573
39,0.44169144400372573
130,0.44169144400372573
249,0.44169144400372573
125,0.44169144400372573
26,0.44169144400372573
27,0.44169144400372573
245,0.41646649864382074
229,0.41646649864382074
179,0.41646649864382074
335,0.41646649864382074
2,0.41646649864382074
120,0.41646649864382074
361,0.41646649864382074
250,0.41646649864382074
10,0.41646649864382074
213,0.41646649864382074
473,0.41646649864382074
527,0.41646649864382074
456,0.41646649864382074
348,0.41646649864382074
429,0.41646649864382074
436,0.41646649864382074
277,0.41646649864382074
104,0.41646649864382074
449,0.41646649864382074
231,0.41646649864382074
510,0.41646649864382074
263,0.3912415532839157
264,0.3912415532839157
48,0.3912415532839157
88,0.3912415532839157
418,0.3912415532839157
261,0.3912415532839157
419,0.3912415532839157
240,0.3912415532839157
52,0.3912415532839157
499,0.3912415532839157
383,0.3912415532839157
74,0.3912415532839157
398,0.3912415532839157
51,0.3912415532839157
72,0.3912415532839157
300,0.3912415532839157
40,0.3912415532839157
77,0.3912415532839157
23,0.3912415532839157
413,0.3912415532839157
385,0.3912415532839157
513,0.3912415532839157
73,0.3912415532839157
20,0.3912415532839157
296,0.3912415532839157
7,0.3912415532839157
43,0.3912415532839157
484,0.3912415532839157
384,0.3912415532839157
9,0.3912415532839157
25,0.3912415532839157
8,0.3912415532839157
387,0.3912415532839157
412,0.3912415532839157
56,0.3912415532839157
257,0.3912415532839157
272,0.3912415532839157
13,0.3912415532839157
32,0.3912415532839157
372,0.3912415532839157
299,0.3912415532839157
76,0.3912415532839157
427,0.3912415532839157
